1. DELHI


Year	     Population	Growth Rate
2024	33,807,000	2.63%
2023	32,941,000	2.73%
2022	32,066,000	2.84%
2021	31,181,000	2.94%
2020	30,291,000	3.03%
2019	29,399,000	3.10%
2018	28,514,000	3.30%
2017	27,602,000	3.30%
2016	26,720,000	3.30%
2015	25,866,000	3.30%
2014	25,039,000	3.30%
2013	24,239,000	3.30%
2012	23,464,000	3.30%
2011	22,714,000	3.30%
2010	21,988,000	3.30%



Avg growth rate : 3.13%

Prediction

2025	36,915,000
2030	42,500,000
2035	48,900,000
2040	56,300,000
2045	64,800,000
2050	74,600,000